sensors:
  - id: 3333acb41bfdfd6b7e1fac37c7cbe7bf
    topic: /Husky1/imu0
    description: "Synthetic IMU Sensor for HERCULES simulator"
    sensor_type: IMU
    sigmas:
      acc_noise_density: 0.08
      acc_bias_random_walk_noise_density: 4e-5
      gyro_noise_density: 4e-3
      gyro_bias_random_walk_noise_density: 2e-6
    saturation_accel_max_mps2: 150.0
    saturation_gyro_max_radps: 7.5
    gravity_magnitude_mps2: 9.81


  - id: 3333c3479caf7592b35518478a2fe08f
    sensor_type: ODOMETRY_6DOF
    description: "ROVIOLI in Odometry mode"
    topic: /Husky1/rovioli/maplab_odom_T_M_I
    T_St_Stp1_fixed_covariance:
      rows: 6
      cols: 6
      data:
        - [0.001,0,0,0,0,0]
        - [0,0.001,0,0,0,0]
        - [0,0,0.001,0,0,0]
        - [0,0,0,0.0001,0,0]
        - [0,0,0,0,0.0001,0]
        - [0,0,0,0,0,0.0001]

  - id: 11112222333344445555666677778888
    sensor_type: LIDAR
    description: "Simulated HERCULES LIDAR"
    topic: /Husky1/lidar

    

extrinsics:

  - sensor_id: 3333acb41bfdfd6b7e1fac37c7cbe7bf
    base_sensor_id: 3333acb41bfdfd6b7e1fac37c7cbe7bf
    T_B_S:
      rows: 4
      cols: 4
      data:
        - [1,0,0,0]
        - [0,1,0,0]
        - [0,0,1,0]
        - [0,0,0,1]

  - sensor_id: 3333c3479caf7592b35518478a2fe08f
    base_sensor_id: 3333acb41bfdfd6b7e1fac37c7cbe7bf
    T_B_S:
      rows: 4
      cols: 4
      data:
        - [1,0,0,0]
        - [0,1,0,0]
        - [0,0,1,0]
        - [0,0,0,1]

  - sensor_id: 11112222333344445555666677778888
    base_sensor_id: 3333acb41bfdfd6b7e1fac37c7cbe7bf
    T_B_S:
      rows: 4
      cols: 4
      data:
        - [1,0,0,0]
        - [0,1,0,0]
        - [0,0,1,0]
        - [0,0,0,1]